10000.000000 
10000.000000 
9998.938571 
9996.815712 
9996.815712 
9994.692853 
9994.692853 
9992.569994 
9992.569994 
9992.569994 
9990.447135 
9990.447135 
9988.324276 
9988.324276 
9986.201417 
9986.201417 
9984.078558 
9984.078558 
9981.955699 
9981.955699 
9979.832840 
9979.832840 
9978.771410 
9977.709981 
9976.648552 
9975.587122 
9974.525693 
9973.464263 
9972.402834 
9972.402834 
9971.341404 
9970.279975 
9969.218545 
9968.157116 
9967.095686 
9966.034257 
9964.972827 
9963.911398 
9963.911398 
9961.788539 
9961.788539 
9960.727109 
9960.727109 
9959.665680 
9957.542821 
9957.542821 
9955.419962 
9954.358532 
9953.297103 
9952.235674 
