44.948703 -93.306212 1 
44.970030 -93.245190 2 
44.973428 -93.237319 3 
44.970639 -93.243552 4 
44.962930 -93.241042 5 
44.972128 -93.221021 6 
44.971470 -93.225941 7 
44.987517 -93.230469 8 
44.977028 -93.221639 9 
44.973940 -93.232100 10 
44.987934 -93.212892 11 
44.979951 -93.234787 12 
44.977406 -93.234911 13 
44.976515 -93.252570 14 
44.987170 -93.255760 15 
44.972217 -93.276435 16 
44.978665 -93.270503 17 
44.971500 -93.284927 18 
44.980520 -93.285420 19 
44.961442 -93.293035 20 
44.975288 -93.278817 21 
44.986087 -93.272459 22 
44.991914 -93.255799 23 
44.976602 -93.266701 24 
44.966145 -93.286294 25 
44.956624 -93.167340 26 
44.974300 -93.228540 27 
44.967104 -93.289075 28 
44.970036 -93.275811 29 
44.957214 -93.274981 30 
44.980500 -93.261800 31 
44.992540 -93.270256 32 
44.989909 -93.279788 33 
44.982594 -93.267514 34 
44.984390 -93.277360 35 
44.973839 -93.274544 36 
44.974970 -93.266684 37 
44.962841 -93.267521 38 
44.977314 -93.277761 39 
44.975907 -93.260061 40 
44.984892 -93.256551 41 
44.980536 -93.275626 42 
44.953550 -93.262590 43 
44.951310 -93.298530 44 
44.946687 -93.297360 45 
44.937750 -93.291200 46 
44.948556 -93.283163 47 
44.989612 -93.277187 48 
44.973440 -93.247480 49 
44.988461 -93.269087 50 
44.988961 -93.253808 51 
44.999874 -93.262955 52 
44.976303 -93.230029 53 
44.981020 -93.237460 54 
44.998820 -93.252760 55 
44.972712 -93.273991 56 
44.950371 -93.269278 57 
44.948590 -93.260200 58 
44.933879 -93.272609 59 
44.948467 -93.317294 60 
44.948650 -93.300770 61 
44.948230 -93.240540 62 
44.934340 -93.229338 63 
44.934193 -93.212632 64 
44.977899 -93.226629 65 
44.983281 -93.248120 66 
44.983800 -93.271032 67 
44.974397 -93.223002 68 
44.949504 -93.288223 69 
44.947329 -93.233092 70 
44.962701 -93.230893 71 
44.972090 -93.232060 72 
44.978210 -93.260230 73 
44.973378 -93.234762 74 
44.972404 -93.242891 75 
44.976223 -93.241600 76 
44.968760 -93.210030 77 
44.967115 -93.240149 78 
44.976478 -93.255153 79 
44.980831 -93.240282 80 
44.985576 -93.238743 81 
44.920417 -93.219500 82 
44.912943 -93.210140 83 
44.987996 -93.279854 84 
44.937817 -93.320212 85 
44.948267 -93.221240 86 
44.916906 -93.213587 87 
44.890527 -93.182370 88 
44.935318 -93.278078 89 
44.977424 -93.256765 90 
44.969950 -93.278133 91 
44.972666 -93.268749 92 
44.979130 -93.231890 93 
44.975675 -93.272200 94 
44.979789 -93.265993 95 
44.976850 -93.238180 96 
44.929360 -93.307130 97 
44.941388 -93.298634 98 
44.969225 -93.251136 99 
44.968237 -93.281991 100 
44.985440 -93.274095 101 
44.972599 -93.218978 102 
44.948450 -93.206200 103 
44.957341 -93.223374 104 
44.969540 -93.266900 105 
44.960817 -93.288143 106 
44.949699 -93.293129 107 
45.009940 -93.247114 108 
44.973371 -93.211264 109 
44.951881 -93.278649 110 
44.962569 -93.258305 111 
44.962854 -93.252195 112 
44.976096 -93.231958 113 
44.980962 -93.263544 114 
44.985388 -93.261450 115 
44.985465 -93.252102 116 
45.006321 -93.266553 117 
44.995348 -93.266854 118 
44.959374 -93.261016 119 
44.966160 -93.205250 120 
44.954697 -93.097817 121 
44.943846 -93.092270 122 
44.972415 -93.266652 123 
44.981015 -93.266885 124 
45.002520 -93.305949 125 
44.987160 -93.301944 126 
44.955473 -93.297143 127 
45.006229 -93.271571 128 
44.963549 -93.195906 129 
44.974795 -93.270649 130 
44.915957 -93.242761 131 
44.980255 -93.151679 132 
44.973951 -93.283092 133 
45.002526 -93.247162 134 
44.981727 -93.269422 135 
44.970553 -93.260790 136 
44.981914 -93.143383 137 
44.939924 -93.192782 138 
44.991704 -93.293988 139 
45.000950 -93.277037 140 
44.905043 -93.198283 141 
44.940103 -93.153151 142 
44.990328 -93.254295 143 
44.925150 -93.314597 144 
44.963420 -93.277939 145 
44.956052 -93.136556 146 
44.940513 -93.177093 147 
44.950189 -93.097590 148 
44.940657 -93.090007 149 
44.937680 -93.094532 150 
44.949433 -93.091207 151 
44.946387 -93.083433 152 
44.999275 -93.290997 153 
44.955621 -93.105743 154 
44.971419 -93.213423 155 
44.946830 -93.092310 156 
44.956066 -93.126088 157 
44.945736 -93.126610 158 
44.946700 -93.115100 159 
45.010119 -93.268598 160 
45.013120 -93.271660 161 
45.042435 -93.283734 162 
44.984527 -93.185029 163 
44.940288 -93.197997 164 
44.919593 -93.187264 165 
44.955654 -93.288485 166 
44.912125 -93.298552 167 
44.944780 -93.290380 168 
44.991412 -93.306269 169 
44.964172 -93.165868 170 
44.945267 -93.096114 171 
44.948399 -93.086584 172 
44.940902 -93.098712 173 
44.955620 -93.116650 174 
44.956650 -93.177060 175 
44.928980 -93.124281 176 
44.939779 -93.126261 177 
44.940218 -93.170220 178 
44.953566 -93.220066 179 
44.893869 -93.187471 180 
44.951132 -93.094545 181 
44.948147 -93.185819 182 
44.941599 -93.138832 183 
44.979800 -93.322066 184 
44.948130 -93.096630 185 
44.950766 -93.089245 186 
45.005994 -93.287559 187 
45.013040 -93.264573 188 
44.981147 -93.304427 189 
44.941440 -93.106240 190 
44.946191 -93.088802 191 
44.907001 -93.191432 192 
44.942846 -93.097836 193 
44.953850 -93.104450 194 
44.949053 -93.106730 195 
44.955976 -93.156703 196 
44.952351 -93.099549 197 
44.949650 -93.084500 198 
44.999570 -93.297071 199 
44.955363 -93.146379 200 
44.974300 -93.228540 201 
