-93.306212 44.948703 1 blue 
-93.245190 44.970030 2 blue 
-93.237319 44.973428 3 blue 
-93.243552 44.970639 4 blue 
-93.241042 44.962930 5 blue 
-93.221021 44.972128 6 blue 
-93.225941 44.971470 7 blue 
-93.230469 44.987517 8 blue 
-93.221639 44.977028 9 blue 
-93.232100 44.973940 10 blue 
-93.212892 44.987934 11 blue 
-93.234787 44.979951 12 blue 
-93.234911 44.977406 13 blue 
-93.252570 44.976515 14 blue 
-93.255760 44.987170 15 blue 
-93.276435 44.972217 16 blue 
-93.270503 44.978665 17 blue 
-93.284927 44.971500 18 blue 
-93.285420 44.980520 19 blue 
-93.293035 44.961442 20 blue 
-93.278817 44.975288 21 blue 
-93.272459 44.986087 22 blue 
-93.255799 44.991914 23 blue 
-93.266701 44.976602 24 blue 
-93.286294 44.966145 25 blue 
-93.167340 44.956624 26 blue 
-93.228540 44.974300 27 blue 
-93.289075 44.967104 28 blue 
-93.275811 44.970036 29 blue 
-93.274981 44.957214 30 blue 
-93.261800 44.980500 31 blue 
-93.270256 44.992540 32 blue 
-93.279788 44.989909 33 blue 
-93.267514 44.982594 34 blue 
-93.277360 44.984390 35 blue 
-93.274544 44.973839 36 blue 
-93.266684 44.974970 37 blue 
-93.267521 44.962841 38 blue 
-93.277761 44.977314 39 blue 
-93.260061 44.975907 40 blue 
-93.256551 44.984892 41 blue 
-93.275626 44.980536 42 blue 
-93.262590 44.953550 43 blue 
-93.298530 44.951310 44 blue 
-93.297360 44.946687 45 blue 
-93.291200 44.937750 46 blue 
-93.283163 44.948556 47 blue 
-93.277187 44.989612 48 blue 
-93.247480 44.973440 49 blue 
-93.269087 44.988461 50 blue 
-93.253808 44.988961 51 blue 
-93.262955 44.999874 52 blue 
-93.230029 44.976303 53 blue 
-93.237460 44.981020 54 blue 
-93.252760 44.998820 55 blue 
-93.273991 44.972712 56 blue 
-93.269278 44.950371 57 blue 
-93.260200 44.948590 58 blue 
-93.272609 44.933879 59 blue 
-93.317294 44.948467 60 blue 
-93.300770 44.948650 61 blue 
-93.240540 44.948230 62 blue 
-93.229338 44.934340 63 blue 
-93.212632 44.934193 64 blue 
-93.226629 44.977899 65 blue 
-93.248120 44.983281 66 blue 
-93.271032 44.983800 67 blue 
-93.223002 44.974397 68 blue 
-93.288223 44.949504 69 blue 
-93.233092 44.947329 70 blue 
-93.230893 44.962701 71 blue 
-93.232060 44.972090 72 blue 
-93.260230 44.978210 73 blue 
-93.234762 44.973378 74 blue 
-93.242891 44.972404 75 blue 
-93.241600 44.976223 76 blue 
-93.210030 44.968760 77 blue 
-93.240149 44.967115 78 blue 
-93.255153 44.976478 79 blue 
-93.240282 44.980831 80 blue 
-93.238743 44.985576 81 blue 
-93.219500 44.920417 82 blue 
-93.210140 44.912943 83 blue 
-93.279854 44.987996 84 blue 
-93.320212 44.937817 85 blue 
-93.221240 44.948267 86 blue 
-93.213587 44.916906 87 blue 
-93.182370 44.890527 88 blue 
-93.278078 44.935318 89 blue 
-93.256765 44.977424 90 blue 
-93.278133 44.969950 91 blue 
-93.268749 44.972666 92 blue 
-93.231890 44.979130 93 blue 
-93.272200 44.975675 94 blue 
-93.265993 44.979789 95 blue 
-93.238180 44.976850 96 blue 
-93.307130 44.929360 97 blue 
-93.298634 44.941388 98 blue 
-93.251136 44.969225 99 blue 
-93.281991 44.968237 100 blue 
-93.274095 44.985440 101 blue 
-93.218978 44.972599 102 blue 
-93.206200 44.948450 103 blue 
-93.223374 44.957341 104 blue 
-93.266900 44.969540 105 blue 
-93.288143 44.960817 106 blue 
-93.293129 44.949699 107 blue 
-93.247114 45.009940 108 blue 
-93.211264 44.973371 109 blue 
-93.278649 44.951881 110 blue 
-93.258305 44.962569 111 blue 
-93.252195 44.962854 112 blue 
-93.231958 44.976096 113 blue 
-93.263544 44.980962 114 blue 
-93.261450 44.985388 115 blue 
-93.252102 44.985465 116 blue 
-93.266553 45.006321 117 blue 
-93.266854 44.995348 118 blue 
-93.261016 44.959374 119 blue 
-93.205250 44.966160 120 blue 
-93.097817 44.954697 121 blue 
-93.092270 44.943846 122 blue 
-93.266652 44.972415 123 blue 
-93.266885 44.981015 124 blue 
-93.305949 45.002520 125 blue 
-93.301944 44.987160 126 blue 
-93.297143 44.955473 127 blue 
-93.271571 45.006229 128 blue 
-93.195906 44.963549 129 blue 
-93.270649 44.974795 130 blue 
-93.242761 44.915957 131 blue 
-93.151679 44.980255 132 blue 
-93.283092 44.973951 133 blue 
-93.247162 45.002526 134 blue 
-93.269422 44.981727 135 blue 
-93.260790 44.970553 136 blue 
-93.143383 44.981914 137 blue 
-93.192782 44.939924 138 blue 
-93.293988 44.991704 139 blue 
-93.277037 45.000950 140 blue 
-93.198283 44.905043 141 blue 
-93.153151 44.940103 142 blue 
-93.254295 44.990328 143 blue 
-93.314597 44.925150 144 blue 
-93.277939 44.963420 145 blue 
-93.136556 44.956052 146 blue 
-93.177093 44.940513 147 blue 
-93.097590 44.950189 148 blue 
-93.090007 44.940657 149 blue 
-93.094532 44.937680 150 blue 
-93.091207 44.949433 151 blue 
-93.083433 44.946387 152 blue 
-93.290997 44.999275 153 blue 
-93.105743 44.955621 154 blue 
-93.213423 44.971419 155 blue 
-93.092310 44.946830 156 blue 
-93.126088 44.956066 157 blue 
-93.126610 44.945736 158 blue 
-93.115100 44.946700 159 blue 
-93.268598 45.010119 160 blue 
-93.271660 45.013120 161 blue 
-93.283734 45.042435 162 blue 
-93.185029 44.984527 163 blue 
-93.197997 44.940288 164 blue 
-93.187264 44.919593 165 blue 
-93.288485 44.955654 166 blue 
-93.298552 44.912125 167 blue 
-93.290380 44.944780 168 blue 
-93.306269 44.991412 169 blue 
-93.165868 44.964172 170 blue 
-93.096114 44.945267 171 blue 
-93.086584 44.948399 172 blue 
-93.098712 44.940902 173 blue 
-93.116650 44.955620 174 blue 
-93.177060 44.956650 175 blue 
-93.124281 44.928980 176 blue 
-93.126261 44.939779 177 blue 
-93.170220 44.940218 178 blue 
-93.220066 44.953566 179 blue 
-93.187471 44.893869 180 blue 
-93.094545 44.951132 181 blue 
-93.185819 44.948147 182 blue 
-93.138832 44.941599 183 blue 
-93.322066 44.979800 184 blue 
-93.096630 44.948130 185 blue 
-93.089245 44.950766 186 blue 
-93.287559 45.005994 187 blue 
-93.264573 45.013040 188 blue 
-93.304427 44.981147 189 blue 
-93.106240 44.941440 190 blue 
-93.088802 44.946191 191 blue 
-93.191432 44.907001 192 blue 
-93.097836 44.942846 193 blue 
-93.104450 44.953850 194 blue 
-93.106730 44.949053 195 blue 
-93.156703 44.955976 196 blue 
-93.099549 44.952351 197 blue 
-93.084500 44.949650 198 blue 
-93.297071 44.999570 199 blue 
-93.146379 44.955363 200 blue 
-93.228540 44.974300 201 blue 
